20
Arad
Bucharest
Craiova
Drobeta
Eforie
Fagaras
Giurgiu
Hirsova
Iasi
Lugoj
Mehadia
Neamt
Oradea
Pitesti
Rimnicu Vilcea
Sibiu
Timisoara
Urziceni
Vaslui
Zerind
366
0
160
242
161
176
77
151
226
244
241
234
380
100
193
253
329
80
199
374
     0   1   2   3   4   5   6   7   8   9  10  11  12  13  14  15  16  17  18  19
0    0  -1  -1  -1  -1  -1  -1  -1  -1  -1  -1  -1  -1  -1  -1 140 118  -1  -1  75
1   -1   0  -1  -1  -1 211  90  -1  -1  -1  -1  -1  -1 101  -1  -1  -1  85  -1  -1
2   -1  -1   0 120  -1  -1  -1  -1  -1  -1  -1  -1  -1 138 146  -1  -1  -1  -1  -1
3   -1  -1 120   0  -1  -1  -1  -1  -1  -1  75  -1  -1  -1  -1  -1  -1  -1  -1  -1
4   -1  -1  -1  -1   0  -1  -1  86  -1  -1  -1  -1  -1  -1  -1  -1  -1  -1  -1  -1
5   -1 211  -1  -1  -1   0  -1  -1  -1  -1  -1  -1  -1  -1  -1  99  -1  -1  -1  -1
6   -1  90  -1  -1  -1  -1   0  -1  -1  -1  -1  -1  -1  -1  -1  -1  -1  -1  -1  -1
7   -1  -1  -1  -1  86  -1  -1   0  -1  -1  -1  -1  -1  -1  -1  -1  -1  98  -1  -1
8   -1  -1  -1  -1  -1  -1  -1  -1   0  -1  -1  87  -1  -1  -1  -1  -1  -1  92  -1
9   -1  -1  -1  -1  -1  -1  -1  -1  -1   0  70  -1  -1  -1  -1  -1 111  -1  -1  -1
10  -1  -1  -1  75  -1  -1  -1  -1  -1  70   0  -1  -1  -1  -1  -1  -1  -1  -1  -1
11  -1  -1  -1  -1  -1  -1  -1  -1  87  -1  -1   0  -1  -1  -1  -1  -1  -1  -1  -1
12  -1  -1  -1  -1  -1  -1  -1  -1  -1  -1  -1  -1   0  -1  -1 151  -1  -1  -1  71
13  -1 101 138  -1  -1  -1  -1  -1  -1  -1  -1  -1  -1   0  97  -1  -1  -1  -1  -1
14  -1  -1 146  -1  -1  -1  -1  -1  -1  -1  -1  -1  -1  97   0  80  -1  -1  -1  -1
15 140  -1  -1  -1  -1  99  -1  -1  -1  -1  -1  -1 151  -1  80   0  -1  -1  -1  -1
16 118  -1  -1  -1  -1  -1  -1  -1  -1 111  -1  -1  -1  -1  -1  -1   0  -1  -1  -1
17  -1  85  -1  -1  -1  -1  -1  98  -1  -1  -1  -1  -1  -1  -1  -1  -1   0 142  -1
18  -1  -1  -1  -1  -1  -1  -1  -1  92  -1  -1  -1  -1  -1  -1  -1  -1 142   0  -1
19  75  -1  -1  -1  -1  -1  -1  -1  -1  -1  -1  -1  71  -1  -1  -1  -1  -1  -1  -1